[gd_scene load_steps=11 format=3 uid="uid://4f5cr1dx7hyg"]

[ext_resource type="MeshLibrary" uid="uid://di48ul8v2qvgy" path="res://MeshLibraries/SpaceLibrary.tres" id="1_f4q1f"]
[ext_resource type="PackedScene" uid="uid://c704ooc0h4ek4" path="res://RayPickerCamera/ray_picker_camera.tscn" id="1_i15bb"]
[ext_resource type="PackedScene" uid="uid://0iyt7pqligad" path="res://Enemy/enemy.tscn" id="2_0rx0s"]
[ext_resource type="PackedScene" uid="uid://tscv3py0ldmk" path="res://Base/base.tscn" id="3_vt8pw"]
[ext_resource type="ArrayMesh" uid="uid://wkhdci6bbo1t" path="res://Enemy/T-34.obj" id="4_0omak"]

[sub_resource type="ProceduralSkyMaterial" id="ProceduralSkyMaterial_vhitj"]
sky_horizon_color = Color(0.64625, 0.65575, 0.67075, 1)
ground_horizon_color = Color(0.64625, 0.65575, 0.67075, 1)

[sub_resource type="Sky" id="Sky_7bnjj"]
sky_material = SubResource("ProceduralSkyMaterial_vhitj")

[sub_resource type="Environment" id="Environment_m1q8s"]
background_mode = 2
sky = SubResource("Sky_7bnjj")
tonemap_mode = 2
glow_enabled = true

[sub_resource type="StandardMaterial3D" id="StandardMaterial3D_gcqcu"]
albedo_color = Color(0.407843, 0.407843, 0.407843, 1)

[sub_resource type="Curve3D" id="Curve3D_nqk53"]
_data = {
"points": PackedVector3Array(0, 0, 0, 0, 0, 0, -21.0681, -0.632611, 6.11932, 0, 0, 0, 0, 0, 0, 13.8381, -0.709522, 5.98714, 0, 0, 0, 0, 0, 0, 13.6689, -0.710232, -1.69487, 0, 0, 0, 0, 0, 0, -9.96517, -0.636781, -1.92274, 0, 0, 0, 0, 0, 0, -9.81919, -0.710458, -6.95895),
"tilts": PackedFloat32Array(0, 0, 0, 0, 0)
}
point_count = 5

[node name="BaseLevel" type="Node3D"]
transform = Transform3D(1, 0, 0, 0, 1, 0, 0, 0, 1, -4.69666, 0.710232, 12.9988)

[node name="WorldEnvironment" type="WorldEnvironment" parent="."]
environment = SubResource("Environment_m1q8s")

[node name="DirectionalLight3D" type="DirectionalLight3D" parent="."]
transform = Transform3D(-0.866023, -0.433016, 0.250001, 0, 0.499998, 0.866027, -0.500003, 0.749999, -0.43301, 0, 0, 0)
shadow_enabled = true

[node name="CSGBox3D" type="CSGBox3D" parent="."]
size = Vector3(100, 2, 100)
material = SubResource("StandardMaterial3D_gcqcu")

[node name="RayPickerCamera" parent="." node_paths=PackedStringArray("gridmap") instance=ExtResource("1_i15bb")]
transform = Transform3D(1, 0, 0, 0, 0.422618, 0.906308, 0, -0.906308, 0.422618, 0, 17.5, 9.5)
gridmap = NodePath("../GridMap")

[node name="GridMap" type="GridMap" parent="."]
transform = Transform3D(1, 0, 0, 0, 1, 0, 0, 0, 1, 0, 2, 0)
mesh_library = ExtResource("1_f4q1f")
cell_size = Vector3(4, 4, 4)
cell_center_y = false
data = {
"cells": PackedInt32Array(65535, 65534, 0, 65531, 65535, 0, 4, 65535, 0, 65535, 2, 0, 65531, 65534, 0, 65531, 0, 0, 65531, 2, 0, 65532, 65534, 0, 65532, 2, 0, 65533, 2, 0, 65534, 65534, 0, 65534, 2, 0, 0, 65534, 0, 0, 2, 0, 1, 65534, 0, 1, 2, 0, 2, 65534, 0, 2, 2, 0, 3, 65534, 0, 3, 2, 0, 4, 65534, 0, 4, 0, 0, 4, 1, 0, 4, 2, 0, 65532, 0, 0, 65533, 0, 0, 65534, 0, 0, 65535, 0, 0, 0, 0, 0, 1, 0, 0, 2, 0, 0, 65532, 65535, 0)
}

[node name="Path3D" type="Path3D" parent="."]
transform = Transform3D(1, 0, 0, 0, 1, 0, 0, 0, 1, 0.205, 1.5, 0.029)
curve = SubResource("Curve3D_nqk53")

[node name="Road" type="CSGPolygon3D" parent="Path3D"]
transform = Transform3D(1, 0, 0, 0, 1, 0, 0, 0, 1, 4.478, -2, -13.259)
polygon = PackedVector2Array(-1, 0, -1, 0.1, 1, 0.1, 1, 0)
mode = 2
path_node = NodePath("..")
path_interval_type = 0
path_interval = 0.5
path_simplify_angle = 0.0
path_rotation = 2
path_local = false
path_continuous_u = true
path_u_distance = 1.0
path_joined = false

[node name="LeftEdge" type="CSGPolygon3D" parent="Path3D"]
transform = Transform3D(1, 0, 0, 0, 1, 0, 0, 0, 1, 4.478, -2, -13.259)
polygon = PackedVector2Array(-1.1, 0, -1.1, 0.15, -0.9, 0.15, -0.9, 0)
mode = 2
path_node = NodePath("..")
path_interval_type = 0
path_interval = 0.5
path_simplify_angle = 0.0
path_rotation = 2
path_local = false
path_continuous_u = true
path_u_distance = 1.0
path_joined = false

[node name="RightEdge" type="CSGPolygon3D" parent="Path3D"]
transform = Transform3D(1, 0, 0, 0, 1, 0, 0, 0, 1, 4.45903, -2, -13.1817)
polygon = PackedVector2Array(0.9, 0, 0.9, 0.15, 1.1, 0.15, 1.1, 0)
mode = 2
path_node = NodePath("..")
path_interval_type = 0
path_interval = 0.5
path_simplify_angle = 0.0
path_rotation = 2
path_local = false
path_continuous_u = true
path_u_distance = 1.0
path_joined = false

[node name="Enemy" parent="Path3D" instance=ExtResource("2_0rx0s")]
transform = Transform3D(0.00378653, 0.00220327, -0.999948, 0, 0.999963, 0.00220326, 0.999967, -8.34301e-06, 0.00378646, -21.0681, -0.632611, 6.11932)
speed = 10.0

[node name="Enemy2" parent="Path3D" instance=ExtResource("2_0rx0s")]
transform = Transform3D(0.00378653, 0.00220327, -0.999947, 0, 0.999963, 0.00220326, 0.999967, -8.34301e-06, 0.00378646, -14.0683, -0.648034, 6.09281)
progress = 7.0
speed = 10.0

[node name="Enemy3" parent="Path3D" instance=ExtResource("2_0rx0s")]
transform = Transform3D(0.00378653, 0.00220327, -0.999947, -1.16412e-10, 0.999963, 0.00220326, 0.999967, -8.3429e-06, 0.00378646, -7.06819, -0.663458, 6.06631)
progress = 14.0
speed = 10.0

[node name="Enemy4" parent="Path3D" instance=ExtResource("2_0rx0s")]
transform = Transform3D(0.00378653, 0.00220327, -0.999947, -1.16412e-10, 0.999963, 0.00220326, 0.999967, -8.3429e-06, 0.00378646, -0.0682464, -0.678881, 6.0398)
progress = 21.0
speed = 10.0

[node name="Enemy5" parent="Path3D" instance=ExtResource("2_0rx0s")]
transform = Transform3D(0.00378653, 0.00220327, -0.999947, -2.32825e-10, 0.999963, 0.00220326, 0.999967, -8.34278e-06, 0.00378646, 6.93172, -0.694305, 6.01329)
progress = 28.0
speed = 10.0

[node name="Base" parent="." instance=ExtResource("3_vt8pw")]
transform = Transform3D(1, 0, 0, 0, 1, 0, 0, 0, 1, -9.801, 3, -9.006)

[node name="T-34" type="MeshInstance3D" parent="."]
transform = Transform3D(0.01, 0, 0, 0, 0.01, 0, 0, 0, 0.01, -33.5012, 1.5, 13.558)
mesh = ExtResource("4_0omak")

[node name="T-35" type="MeshInstance3D" parent="."]
transform = Transform3D(0.01, 0, 0, 0, 0.01, 0, 0, 0, 0.01, -43.877, 1.5, 13.558)
mesh = ExtResource("4_0omak")

[node name="T-36" type="MeshInstance3D" parent="."]
transform = Transform3D(0.01, 0, 0, 0, 0.01, 0, 0, 0, 0.01, -38.5933, 1.5, 13.558)
mesh = ExtResource("4_0omak")
